13362375688 24 10446 北海道土司
13362375688 24 10658 菠萝小龟包
13362375688 24 10978 卡斯达酱小餐包
13362375688 24 22253 牛奶排包
13362375688 24 23156 香蕉奶油小餐包
13362375688 24 25583 奶酪黄金牛角包
13362375688 24 31598 胡萝卜超软小排包
13362375688 24 31612 吉庆有余（鱼）包
13362375688 24 31617 抹茶椰香土司
13362375688 23 10142 酸奶戚风
13362375688 23 10659 香蕉椰蓉蛋糕
13362375688 23 10718 朗姆板栗风味小蛋糕
13362375688 23 10823 芒果千层蛋糕
13362375688 23 21986 舒芙蕾乳酪蛋糕
13362375688 23 22300 新手馥郁布朗尼
13362375688 23 22423 新手玛德琳棒棒糖蛋糕
13362375688 23 25581 芒果榴莲双拼千层
13362375688 23 31597 香草轻乳芝士蛋糕
13362375688 23 33039 抹茶轻乳蛋糕
13362375688 23 49447 鸭蛋戚风蛋糕
13362375688 8 10829 蛋黄磨牙棒
13362375688 8 10980 小熊饼干
13362375688 8 10981 圣诞姜饼屋
13362375688 8 10979 小熊版奶香曲奇
13362375688 8 10841 香葱曲奇
13362375688 8 10840 香葱曲奇
13362375688 22 10017 奶香花生牛扎糖
13362375688 22 10203 卡仁达酱水果塔
13362375688 22 10655 黑芝麻奶香花生糖
13362375688 22 10822 全麦华夫饼
13362375688 22 10825 榴提拉米苏
13362375688 22 10977 榴莲泡芙
13362375688 22 22025 水晶桂花糕
13362375688 22 31620 核桃派
13362375688 9 10719 芝士焗红薯
13362375688 9 25582 烤台式香肠
13362375688 9 22620 新手孜然脆骨
13362375688 9 10975 叫化鸡腿
13362375688 9 10826 澳尔良烤鸡腿饭
13362375688 9 10742 菠萝鲜虾焗饭
